216
227
227
227
232
238
240
246
253
255
255
236
236
209
159
150
147
167
166
204
231
232
226
227
230
231
206
222
233
234
230
227
233
230
230
230
230
229
229
232
230
229
229
229
231
233
229
230
230
231
226
228
233
235
235
238
238
238
236
237
240
201
203
225
222
219
219
221
222
223
223
224
225
226
227
226
226
226
226
228
228
226
227
227
232
199
181
158
156
146
139
133
130
126
126
123
118
116
111
114
112
111
107
106
100
98
93
96
96
95
97
98
98
104
101
101
104
100
99
99
95
90
107
183
179
172
162
166
160
159
163
166
153
141
229
226
226
229
235
238
243
251
255
255
245
240
233
163
138
138
156
164
183
227
236
225
226
228
234
211
202
232
233
231
227
232
233
229
231
232
231
230
232
232
230
231
231
233
234
231
230
231
232
230
226
232
237
235
237
239
238
236
237
240
221
186
226
221
222
219
222
222
223
224
225
225
227
228
227
226
227
226
227
225
225
226
227
229
226
176
169
155
151
140
135
133
129
127
124
120
117
114
115
114
113
110
108
104
100
97
96
97
95
97
99
100
102
102
104
103
101
100
101
98
88
77
184
184
174
162
166
162
160
163
165
160
139
226
227
224
225
231
234
237
243
250
255
250
231
235
192
140
139
146
166
163
213
232
227
224
227
227
225
196
231
229
230
226
229
231
228
229
231
229
229
230
232
230
229
230
231
232
231
230
230
231
234
225
231
234
234
234
236
235
234
235
233
239
175
223
222
220
218
219
220
221
223
224
225
226
226
227
226
226
225
225
224
224
224
224
222
234
180
177
155
153
142
135
133
129
125
123
120
118
114
113
111
109
109
106
105
97
96
93
95
96
95
96
98
99
101
100
100
100
99
100
98
87
78
154
187
173
164
161
160
158
158
161
166
134
227
226
223
224
228
233
235
241
247
254
255
236
238
221
148
138
138
153
154
193
228
232
223
225
227
232
199
220
230
230
227
226
230
229
227
231
230
230
229
233
231
228
230
230
232
232
230
230
231
232
226
228
234
235
232
234
235
235
235
234
246
188
203
221
220
218
217
218
219
221
223
223
224
225
225
226
225
224
224
222
223
223
223
222
229
206
181
164
155
146
137
135
131
126
124
122
119
115
113
113
110
111
107
105
99
96
94
94
96
95
96
97
98
100
100
99
100
99
100
100
94
83
105
190
177
167
160
162
159
156
159
163
145
138
227
224
222
227
233
236
240
245
253
255
245
236
235
164
130
134
143
156
170
219
232
225
223
227
230
210
201
232
230
229
225
230
230
229
230
232
230
230
233
233
230
230
231
232
233
230
230
231
233
230
225
232
236
232
234
235
234
235
234
239
216
184
223
220
219
217
218
219
221
223
224
224
225
225
226
226
225
223
222
221
222
223
221
221
231
179
173
156
149
138
135
132
128
124
122
120
117
113
113
111
109
108
106
101
96
93
93
95
96
96
96
98
99
99
99
100
98
100
100
97
85
76
192
179
169
159
161
158
157
157
160
157
133
227
226
222
226
232
236
239
243
249
254
254
237
237
197
134
131
136
151
150
202
229
228
223
226
229
226
192
229
232
229
227
227
232
230
229
232
231
230
232
234
231
230
230
232
233
231
230
231
233
234
224
231
236
233
233
235
234
235
234
235
239
171
220
222
220
218
218
219
220
222
223
225
225
225
226
226
225
225
222
221
221
222
222
219
233
193
183
157
153
139
135
133
129
124
122
120
117
114
113
112
109
108
105
103
95
94
92
94
95
95
96
97
98
100
99
99
98
100
99
100
88
75
173
182
171
161
159
158
157
156
160
162
131
227
226
223
225
231
236
238
240
245
251
255
241
240
220
146
127
129
141
144
177
224
232
223
226
229
230
200
219
230
231
229
228
231
231
230
232
232
231
231
234
232
230
230
232
234
231
230
230
230
234
224
230
236
234
231
234
235
235
234
235
246
183
203
222
220
217
217
219
221
220
223
225
225
224
226
226
225
223
223
221
221
222
221
221
227
215
189
169
153
143
135
133
131
124
122
120
118
114
112
113
110
110
107
104
95
93
93
93
95
95
96
97
97
99
99
99
99
99
100
99
92
79
125
185
176
163
158
160
157
155
158
160
138
131
224
224
223
229
235
238
240
245
250
255
249
241
232
165
124
125
134
143
151
214
231
223
222
227
229
213
201
232
232
230
228
231
232
231
232
232
231
230
233
233
230
230
231
233
232
230
230
231
234
228
226
234
235
231
233
234
234
234
233
238
214
185
221
220
218
217
219
220
220
221
223
225
225
225
226
225
223
223
221
221
221
222
220
222
227
190
187
155
146
136
132
130
126
123
120
119
116
112
112
111
109
107
105
98
93
93
92
93
94
95
96
98
98
99
99
99
99
100
99
96
83
83
192
179
166
159
161
155
156
159
160
150
126
224
225
222
228
233
238
240
243
248
252
255
242
237
197
131
121
128
135
135
185
225
227
222
226
230
226
193
228
231
230
228
230
232
232
232
232
232
231
231
234
231
230
230
231
232
230
230
230
232
234
222
231
235
232
232
234
233
234
233
235
238
172
220
220
219
216
218
219
220
220
223
226
225
224
226
225
224
223
222
221
221
221
222
220
228
203
196
161
148
137
131
130
128
122
120
119
116
112
112
112
110
108
106
99
93
90
91
92
94
93
95
97
97
99
99
99
98
99
100
99
88
74
187
181
170
160
159
156
155
156
160
159
129
