216
222
225
227
229
227
227
225
221
221
220
219
220
217
220
218
217
218
221
217
220
221
216
220
217
214
213
208
189
165
146
131
122
116
111
106
102
98
94
91
87
84
83
86
100
111
122
134
150
165
176
177
166
163
158
159
158
157
153
153
148
148
145
145
144
145
141
140
140
135
134
131
129
127
125
123
122
120
119
120
120
119
118
116
115
114
114
115
112
111
110
108
107
105
104
102
101
102
101
99
100
99
101
99
100
99
100
98
100
98
99
100
100
101
97
89
84
82
81
83
82
83
83
84
84
81
80
76
74
70
65
60
57
54
52
49
51
52
50
48
42
41
42
44
45
43
41
39
36
35
33
31
29
27
26
25
24
24
24
23
23
23
22
22
22
22
23
22
22
22
22
21
20
20
20
20
19
19
19
19
19
19
19
19
19
19
19
18
18
19
19
18
18
18
17
19
19
18
19
19
18
18
17
17
18
18
18
19
20
20
21
21
22
23
23
25
26
26
28
27
28
30
31
30
33
33
34
32
34
33
34
36
37
35
40
39
39
41
49
49
49
38
44
50
47
49
49
52
54
39
42
48
45
44
53
55
40
45
46
50
45
43
50
42
73
94
96
116
121
112
107
86
105
98
94
74
104
121
128
139
150
159
171
160
126
51
22
54
117
131
123
112
96
103
124
153
166
194
202
206
206
204
207
211
214
217
222
223
227
230
232
234
234
235
235
235
235
236
236
235
235
236
236
236
236
236
237
235
233
234
233
233
234
235
236
235
236
235
235
235
235
235
236
236
236
237
236
236
236
237
237
237
237
236
237
237
236
238
237
238
236
237
237
236
236
237
239
240
241
240
238
238
238
237
237
236
236
234
233
227
203
177
152
133
101
120
181
197
231
255
255
253
252
251
251
238
237
237
236
236
236
235
236
236
236
236
236
236
236
236
236
236
235
235
236
236
236
236
236
237
237
237
237
237
236
237
236
236
236
236
236
236
235
236
236
236
236
236
236
237
237
237
237
237
237
237
237
237
238
242
243
237
220
231
236
239
233
215
212
212
220
235
234
233
233
232
234
242
225
174
150
147
151
150
148
145
142
137
135
131
128
126
123
120
117
114
131
151
158
162
167
168
170
178
186
188
197
213
223
224
225
227
230
228
225
218
215
213
203
198
201
202
210
217
220
233
254
255
255
255
255
250
246
239
238
239
239
238
238
238
238
238
237
237
237
236
236
236
236
236
236
236
237
237
238
238
238
238
238
238
238
239
239
239
239
239
239
239
238
238
240
240
240
240
241
241
241
240
241
242
241
241
242
242
242
242
242
243
241
240
239
239
240
240
240
240
239
239
239
239
240
239
240
241
240
241
240
240
250
254
220
230
226
226
226
227
227
226
224
223
222
222
222
221
221
220
220
220
220
221
222
221
221
221
220
221
221
216
200
175
154
133
123
118
112
108
103
98
96
92
89
86
86
83
94
106
116
123
141
161
177
180
175
168
166
165
164
164
164
163
161
163
162
162
162
160
160
158
156
152
147
143
140
137
132
129
126
123
120
119
118
115
113
112
112
109
107
106
105
102
100
99
98
96
95
93
92
93
93
93
92
93
93
94
95
95
95
95
95
97
101
101
101
102
97
88
80
77
77
78
76
75
75
75
73
71
69
65
63
60
57
53
48
46
46
44
48
54
55
55
48
44
47
48
48
46
44
42
41
38
37
34
33
31
30
27
27
26
26
26
26
26
26
25
26
26
26
25
25
24
25
24
23
22
22
22
22
22
21
21
21
23
22
21
22
21
21
21
20
20
20
20
20
19
19
20
21
21
21
21
20
19
19
18
18
20
20
20
20
20
20
20
21
21
21
22
22
23
23
24
24
25
25
26
26
27
28
29
29
30
31
31
31
32
32
33
33
33
36
37
39
38
35
38
37
36
37
35
38
33
35
37
36
36
38
40
33
34
36
40
40
36
37
31
44
58
59
71
73
75
82
66
85
82
79
61
94
122
126
137
146
144
145
125
88
30
18
38
88
106
98
84
71
81
110
150
179
207
203
203
201
203
205
208
212
218
223
226
228
230
232
232
232
233
234
234
234
234
236
234
234
235
235
235
236
236
236
236
236
235
235
235
235
236
237
236
237
237
236
237
237
237
237
237
237
237
236
237
237
238
238
237
237
237
237
237
237
237
237
237
236
236
236
236
237
237
238
240
241
240
238
238
239
239
240
240
238
237
238
233
215
184
150
124
100
117
174
195
232
255
255
251
251
250
251
241
236
236
236
236
236
236
235
235
235
235
235
235
235
235
235
235
235
235
235
235
235
235
235
236
235
236
236
235
236
236
236
236
236
236
236
236
236
236
236
235
235
236
236
236
236
236
236
237
237
237
237
238
238
240
243
231
219
228
239
245
237
220
216
217
223
231
234
235
234
233
233
244
234
181
150
144
150
148
145
143
140
137
134
131
129
126
123
121
119
116
130
150
157
161
164
167
171
182
187
189
198
213
223
224
225
225
227
230
226
217
216
217
208
202
203
204
210
215
216
233
255
255
255
255
254
251
245
239
236
238
238
238
238
237
237
237
237
237
237
236
236
236
236
236
236
237
238
237
238
238
238
238
238
238
239
239
239
238
238
238
238
238
238
238
239
239
240
240
239
240
240
240
241
241
241
241
242
243
243
242
241
240
240
238
239
239
239
239
239
239
239
239
239
240
240
240
241
241
241
240
241
243
243
246
